# NTU-ACM-ICPC-Rating
| rank | class     | name   | CF ID         | CF   | Training | AC   | pt   | Team |
| ---- | --------- | ------ | ------------- | ---- | -------- | ---- | ---- | ---- |
| 1    | 计嵌162   | 王淦   | wanggann      | 1593 | 227      | 1166 | 2986 | 1    |
| 2    | 软工161   | 李昊洋 | thirtiseven   | 1629 | 200      | 934  | 2763 | 1    |
| 3    | 物联网171 | 赵静珂 | _Simon        | 1409 | 109      | 646  | 2164 | 1    |
| 4    | 计嵌162   | 沈逸淳 | fourleafSYC   | 1427 | 90       | 70   | 1587 | 2    |
| 5    | 网工161   | 颜晶晶 | JeanYan       | 1434 | 24       | 66   | 1524 | 2    |
| 6    | 计嵌161   | 张辰康 | agedTime      | 1421 | 10       | 80   | 1511 | 2    |
| 7    | 计嵌171   | 李喜凯 | perfectisshit | 1356 | 52       | 80   | 1488 | 3    |
| 8    | 计科172   | 沈天任 | STRworld      | 1371 | 48       | 64   | 1483 | 3    |
| 9    | 计嵌172   | 朱恺   | Dawnzk        | 1375 | 12       | 86   | 1473 | 3    |
| 10   | 计嵌171   | 吴雪斐 | Qsama         | 1375 | 68       | 29   | 1472 | 4    |
| 11   | 网工172   | 陈迪荣 | lttzz         | 1390 | 14       | 56   | 1460 | 4    |
| 12   | 计科172   | 丁雨聪 | Chrisding     | 1387 | 0        | 24   | 1411 | 4    |



updated 8.6

| rank | class     | name   | CF ID         | CF   | Training | AC   | pt   | Team |
| ---- | --------- | ------ | ------------- | ---- | -------- | ---- | ---- | ---- |
| 1    | 计嵌162   | 王淦   | wanggann      | 1593 | 227      | 1166 | 2986 | 1    |
| 2    | 软工161   | 李昊洋 | thirtiseven   | 1629 | 200      | 934  | 2763 | 1    |
| 3    | 物联网171 | 赵静珂 | _Simon        | 1409 | 109      | 646  | 2164 | 1    |
| 4    | 计嵌162   | 沈逸淳 | fourleafSYC   | 1427 | 90       | 70   | 1587 | 2    |
| 5    | 网工161   | 颜晶晶 | JeanYan       | 1434 | 24       | 66   | 1524 | 2    |
| 6    | 计嵌161   | 张辰康 | agedTime      | 1421 | 10       | 80   | 1511 | 2    |
| 7    | 计嵌171   | 李喜凯 | perfectisshit | 1356 | 52       | 80   | 1488 | 3    |
| 8    | 计科172   | 沈天任 | STRworld      | 1371 | 48       | 64   | 1483 | 3    |
| 9    | 计嵌172   | 朱恺   | Dawnzk        | 1375 | 12       | 86   | 1473 | 3    |
| 10   | 网工172   | 陈迪荣 | lttzz         | 1390 | 14       | 56   | 1460 | 4    |
| 11   | 计嵌171   | 吴雪斐 | Qsama         | 1375 | 68       | 29   | 1472 | 4    |
| 12   | 计科172   | 丁雨聪 | Chrisding     | 1387 | 0        | 24   | 1411 | 4    |

网工172  陈迪荣  lttzz  1390  14  56  1460

|      |      |      |      |      |      |      |      |
| :--- | :--: | :--: | :--: | :--: | :--: | ---- | ---- |
|      |      |      |      |      |      |      |      |
|      |      |      |      |      |      |      |      |
|      |      |      |      |      |      |      |      |
|      |      |      |      |      |      |      |      |
|      |      |      |      |      |      |      |      |
|      |      |      |      |      |      |      |      |
|      |      |      |      |      |      |      |      |
|      |      |      |      |      |      |      |      |
|      |      |      |      |      |      |      |      |
|      |      |      |      |      |      |      |      |
|      |      |      |      |      |      |      |      |
|      |      |      |      |      |      |      |      |
|      |      |      |      |      |      |      |      |
|      |      |      |      |      |      |      |      |
|      |      |      |      |      |      |      |      |