# NTU-ACM-ICPC-Rating

update 8.20

| rank | class     | name   | CF ID         | CF   | Training | AC   | pt   | Team |
| ---- | --------- | ------ | ------------- | ---- | -------- | ---- | ---- | ---- |
| 1    | 计嵌162   | 王淦   | wanggann      | 1593 | 307      | 1360 | 3260 | 1    |
| 2    | 软工161   | 李昊洋 | thirtiseven   | 1629 | 270      | 1086 | 2985 | 1    |
| 3    | 物联网171 | 赵静珂 | _Simon        | 1496 | 159      | 796  | 2451 | 1    |
| 4    | 计嵌162   | 沈逸淳 | fourleafSYC   | 1427 | 110      | 112  | 1649 | 2    |
| 5    | 网工161   | 颜晶晶 | JeanYan       | 1442 | 44       | 112  | 1598 | 2    |
| 6    | 计嵌161   | 张辰康 | agedTime      | 1429 | 30       | 138  | 1597 | 2    |
| 7    | 计科172   | 沈天任 | STRworld      | 1371 | 68       | 150  | 1589 | 3    |
| 8    | 计嵌171   | 李喜凯 | perfectisshit | 1356 | 72       | 146  | 1574 | 3    |
| 9    | 计嵌171   | 吴雪斐 | Qsama         | 1375 | 83       | 98   | 1556 | 3    |
| 10   | 网工172   | 陈迪荣 | lttzz         | 1390 | 40       | 102  | 1532 | 4    |
| 11   | 计嵌172   | 朱恺   | Dawnzk        | 1375 | 30       | 98   | 1503 | 4    |
| 12   | 计科172   | 丁雨聪 | Chrisding     | 1387 | 16       | 52   | 1455 | 4    |



update 8.20

| rank | class     | name   | CF ID         | CF   | Training | AC   | pt   | Team |
| ---- | --------- | ------ | ------------- | ---- | -------- | ---- | ---- | ---- |
| 1    | 计嵌162   | 王淦   | wanggann      | 1593 | 307      | 1360 | 3260 | 1    |
| 2    | 软工161   | 李昊洋 | thirtiseven   | 1629 | 270      | 1086 | 2985 | 1    |
| 3    | 物联网171 | 赵静珂 | _Simon        | 1496 | 159      | 796  | 2451 | 1    |
| 4    | 计嵌162   | 沈逸淳 | fourleafSYC   | 1427 | 110      | 112  | 1649 | 2    |
| 5    | 网工161   | 颜晶晶 | JeanYan       | 1442 | 44       | 112  | 1598 | 2    |
| 6    | 计嵌161   | 张辰康 | agedTime      | 1429 | 30       | 138  | 1597 | 2    |
| 7    | 计科172   | 沈天任 | STRworld      | 1371 | 68       | 150  | 1589 | 3    |
| 8    | 计嵌171   | 李喜凯 | perfectisshit | 1356 | 72       | 146  | 1574 | 3    |
| 9    | 计嵌171   | 吴雪斐 | Qsama         | 1375 | 83       | 98   | 1556 | 3    |
| 10   | 计嵌172   | 朱恺   | Dawnzk        | 1375 | 30       | 98   | 1503 | 4    |
| 11   | 网工172   | 陈迪荣 | lttzz         | 1390 | 40       | 102  | 1532 | 4    |
| 12   | 计科172   | 丁雨聪 | Chrisding     | 1387 | 16       | 52   | 1455 | 4    |





