# NTU-ACM-ICPC-Rating
| rank | class     | name   | CF ID         | CF   | Training | AC   | pt   | Team |
| ---- | --------- | ------ | ------------- | ---- | -------- | ---- | ---- | ---- |
| 1    | 计嵌162   | 王淦   | wanggann      | 1593 | 237      | 1232 | 3062 | 1    |
| 2    | 软工161   | 李昊洋 | thirtiseven   | 1629 | 210      | 974  | 2813 | 1    |
| 3    | 物联网171 | 赵静珂 | _Simon        | 1409 | 119      | 680  | 2208 | 1    |
| 4    | 计嵌162   | 沈逸淳 | fourleafSYC   | 1427 | 98       | 70   | 1595 | 2    |
| 5    | 网工161   | 颜晶晶 | JeanYan       | 1442 | 32       | 78   | 1552 | 2    |
| 6    | 计嵌161   | 张辰康 | agedTime      | 1429 | 18       | 98   | 1545 | 2    |
| 7    | 计科172   | 沈天任 | STRworld      | 1371 | 48       | 116  | 1535 | 3    |
| 8    | 计嵌171   | 李喜凯 | perfectisshit | 1356 | 52       | 120  | 1528 | 3    |
| 9    | 计嵌171   | 吴雪斐 | Qsama         | 1375 | 73       | 74   | 1522 | 3    |
| 10   | 计嵌172   | 朱恺   | Dawnzk        | 1375 | 12       | 98   | 1485 | 4    |
| 11   | 网工172   | 陈迪荣 | lttzz         | 1390 | 14       | 56   | 1460 | 4    |
| 12   | 计科172   | 丁雨聪 | Chrisding     | 1387 | 0        | 24   | 1411 | 4    |



| rank | class     | name   | CF ID         | CF   | Training | AC   | pt   | Team |
| ---- | --------- | ------ | ------------- | ---- | -------- | ---- | ---- | ---- |
| 1    | 计嵌162   | 王淦   | wanggann      | 1593 | 237      | 1232 | 3062 | 1    |
| 2    | 软工161   | 李昊洋 | thirtiseven   | 1629 | 210      | 974  | 2813 | 1    |
| 3    | 物联网171 | 赵静珂 | _Simon        | 1409 | 119      | 680  | 2208 | 1    |
| 4    | 计嵌162   | 沈逸淳 | fourleafSYC   | 1427 | 98       | 70   | 1595 | 2    |
| 5    | 网工161   | 颜晶晶 | JeanYan       | 1442 | 32       | 78   | 1552 | 2    |
| 6    | 计嵌161   | 张辰康 | agedTime      | 1429 | 18       | 98   | 1545 | 2    |
| 7    | 计嵌171   | 李喜凯 | perfectisshit | 1356 | 52       | 120  | 1528 | 3    |
| 8    | 计科172   | 沈天任 | STRworld      | 1371 | 48       | 116  | 1535 | 3    |
| 9    | 计嵌171   | 吴雪斐 | Qsama         | 1375 | 73       | 74   | 1522 | 3    |
| 10   | 计嵌172   | 朱恺   | Dawnzk        | 1375 | 12       | 98   | 1485 | 4    |
| 11   | 网工172   | 陈迪荣 | lttzz         | 1390 | 14       | 56   | 1460 | 4    |
| 12   | 计科172   | 丁雨聪 | Chrisding     | 1387 | 0        | 24   | 1411 | 4    |



